Leon:0.6015064716339111
Leon:0.3137526512145996
Leon:0.35287904739379883
Leon:0.26764822006225586
Leon:0.6446225643157959
Franz:0.32030558586120605
Kaisa:0.3498554229736328
Kaisa:0.3321554660797119
Fridoln:0.25683021545410156
Geiler Schinken:0.27880334854125977
Geiler Schinken:0.29535388946533203
Leon:0.288909912109375
Geiler Hinterschinken:0.40380239486694336
Geiler Hinterschinken:0.30614423751831055
Geiler Hinterschinken:0.3802683353424072Leon:0.2915353775024414
